[gd_scene load_steps=11 format=2]

[ext_resource path="res://scenes/entity/player_car.tscn" type="PackedScene" id=1]
[ext_resource path="res://scenes/world.gd" type="Script" id=2]

[sub_resource type="PhysicsMaterial" id=1]
friction = 0.5
rough = true

[sub_resource type="BoxShape" id=2]
extents = Vector3( 50, 1, 50 )

[sub_resource type="BoxShape" id=3]
extents = Vector3( 4, 4, 4 )

[sub_resource type="CubeMesh" id=4]
size = Vector3( 100, 2, 100 )

[sub_resource type="CubeMesh" id=5]
size = Vector3( 4, 4, 4 )

[sub_resource type="BoxShape" id=6]
extents = Vector3( 9.96619, 10.0824, 11.8213 )

[sub_resource type="SpatialMaterial" id=7]
flags_transparent = true
albedo_color = Color( 0, 0, 0, 0 )

[sub_resource type="Animation" id=8]
resource_name = "fade"
tracks/0/type = "value"
tracks/0/path = NodePath("draw:material_override:albedo_color")
tracks/0/interp = 1
tracks/0/loop_wrap = true
tracks/0/imported = false
tracks/0/enabled = true
tracks/0/keys = {
"times": PoolRealArray( 0, 1 ),
"transitions": PoolRealArray( 1, 1 ),
"update": 0,
"values": [ Color( 0, 0, 0, 1 ), Color( 0, 0, 0, 0 ) ]
}

[node name="world" type="Spatial"]
script = ExtResource( 2 )

[node name="StaticBody" type="StaticBody" parent="."]
physics_material_override = SubResource( 1 )

[node name="CollisionShape" type="CollisionShape" parent="StaticBody"]
shape = SubResource( 2 )

[node name="CollisionShape2" type="CollisionShape" parent="StaticBody"]
transform = Transform( 1, 0, 0, 0, 0.173648, -0.984808, 0, 0.984808, 0.173648, 0, -2.5, 25 )
shape = SubResource( 3 )

[node name="mesh_instance" type="MeshInstance" parent="StaticBody"]
mesh = SubResource( 4 )
material/0 = null

[node name="mesh_instance2" type="MeshInstance" parent="StaticBody"]
transform = Transform( 1, 0, 0, 0, 0.5, -0.866025, 0, 0.866025, 0.5, 0, 0, 25 )
visible = false
mesh = SubResource( 5 )
material/0 = null

[node name="collision_shape" type="CollisionShape" parent="StaticBody"]
transform = Transform( 0.692395, 0.721519, 0, -0.721519, 0.692395, 0, 0, 0, 1, -23.7649, 0, 0 )
shape = SubResource( 6 )

[node name="camera_cont" type="Spatial" parent="."]

[node name="Camera" type="Camera" parent="camera_cont"]
transform = Transform( 1, 0, 0, 0, 0.866025, 0.5, 0, -0.5, 0.866025, 0, 12.3233, 15.3479 )

[node name="player_car" parent="." instance=ExtResource( 1 )]
transform = Transform( 1, 0, 0, 0, 1, 0, 0, 0, 1, 0, 2.13003, 0 )

[node name="directional_light" type="DirectionalLight" parent="."]
transform = Transform( 1, 0, 0, 0, 0.537403, 0.843326, 0, -0.843326, 0.537403, 0, 17.3909, 0 )
shadow_enabled = true
directional_shadow_max_distance = 50.0

[node name="draw" type="ImmediateGeometry" parent="."]
material_override = SubResource( 7 )

[node name="anim_draw" type="AnimationPlayer" parent="."]
anims/fade = SubResource( 8 )
